lambda1: 1.6842502030985615
lambda2: 0.3677507495760691
lambda3: 0.5635636515917665
lambda4: 0.022595175543313962
